4759369999999999934464
4714550000000000065536
4722720000000000000000
4657260000000000131072
4640649999999999410176
4669520000000000524288
4666779999999999606784
4654100000000000393216
4638220000000000131072
4584550000000000065536
4618160000000000000000
4606439999999999737856
4638310000000000589824
4599699999999999868928
4532419999999999868928
4501649999999999672320
4495029999999999541248
4525149999999999803392
4522260000000000393216
4514640000000000524288
4502979999999999344640
4469479999999999737856
4493049999999999934464
4503239999999999737856
4499709999999999803392
4546290000000000196608
4493010000000000196608
4491659999999999606784
4520449999999999672320
4592499999999999868928
4616540000000000131072
4577149999999999803392
4578600000000000262144
4602039999999999737856
4590579999999999868928
4590130000000000196608
4552080000000000000000
4541399999999999737856
4516189999999999803392
4477399999999999737856
4443910000000000065536
4471899999999999606784
4468399999999999475712
4486550000000000065536
4472749999999999803392
4501200000000000000000
4483489999999999672320
4483420000000000131072
4481270000000000589824
4481280000000000000000
4463500000000000131072
4485640000000000262144
4497640000000000262144
4447770000000000458752
4308970000000000458752
4196989999999999803392
4185800000000000262144
4171270000000000589824
4138749999999999803392
4203109999999999541248
4191850000000000458752
4208630000000000065536
4195760000000000000000
4184029999999999803392
4155789999999999803392
4165970000000000196608
4149489999999999672320
4176939999999999606784
4183590000000000065536
4168329999999999934464
4163880000000000262144
4154989999999999803392
4064199999999999737856
4010310000000000065536
4004530000000000196608
4006230000000000065536
3913800000000000262144
3876829999999999803392
3968400000000000000000
3942499999999999868928
3908749999999999803392
3948729999999999934464
4027200000000000000000
4035000000000000262144
4021810000000000196608
4010649999999999934464
4004840000000000262144
4021260000000000131072
4004920000000000262144
4021190000000000065536
4005289999999999934464
4016599999999999737856
3994800000000000000000
4023559999999999737856
4041090000000000196608
4144199999999999737856
4123939999999999344640
4110300000000000131072
4105709999999999803392
4168080000000000000000
4191600000000000524288
4218359999999999737856
4201949999999999803392
4185340000000000131072
4168199999999999737856
4122020000000000393216
4161739999999999606784
4146640000000000524288
4130840000000000262144
4148310000000000589824
4300989999999999803392
4330649999999999410176
4337270000000000589824
4350989999999999803392
4379840000000000000000
4378909999999999803392
4381869999999999803392
4440850000000000196608
4498960000000000000000
4487970000000000196608
4504989999999999803392
4466340000000000393216
4482729999999999410176
4539439999999999475712
4523409999999999672320
4517189999999999541248
4490880000000000000000
4501899999999999606784
4487459999999999868928
4458540000000000131072
4470600000000000262144
4489810000000000196608
4534149999999999541248
4608109999999999803392
4552449999999999672320
4534290000000000196608
4489140000000000393216
4516369999999999672320
4539560000000000262144
4535609999999999934464
4574329999999999934464
4676130000000000196608
4726180000000000393216
4686950000000000065536
4693159999999999737856
4681659999999999606784
4712569999999999934464
4515020000000000655360
4482130000000000196608
4450749999999999803392
4446749999999999803392
4465720000000000262144
4489409999999999672320
4448979999999999344640
4516249999999999934464
4527859999999999868928
4452449999999999672320
4428140000000000131072
4375289999999999934464
4317040000000000000000
4340870000000000065536
4371270000000000589824
4349699999999999868928
4325960000000000262144
4345140000000000393216
4105300000000000393216
3998130000000000196608
3836620000000000131072
3797139999999999868928
3762989999999999803392
3843630000000000327680
3828710000000000065536
3764480000000000000000
3751090000000000196608
3785260000000000131072
3831600000000000000000
3822140000000000131072
4036940000000000131072
4138810000000000458752
4156169999999999934464
4144169999999999934464
4181500000000000131072
4084089999999999934464
4139379999999999868928
4256149999999999541248
4245159999999999737856
4157090000000000196608
3983989999999999541248
3974849999999999672320
4088499999999999868928
4105569999999999672320
4126890000000000458752
4083659999999999606784
4124840000000000262144
4102899999999999868928
3983760000000000000000
3984599999999999737856
3987789999999999803392
4017010000000000196608
4005580000000000131072
4063889999999999672320
3909229999999999803392
3868860000000000131072
3895500000000000131072
3934640000000000000000
3756649999999999934464
3778729999999999934464
3798720000000000000000
3828620000000000131072
3833190000000000065536
3872429999999999803392
3894460000000000131072
3883929999999999934464
3879360000000000000000
3895159999999999737856
3890630000000000065536
3907469999999999803392
3889600000000000000000
3925489999999999672320
3980670000000000327680
3987989999999999541248
3984310000000000065536
4028340000000000393216
4056780000000000131072
4036640000000000000000
4005449999999999934464
3982599999999999737856
3980860000000000131072
3924360000000000262144
3893859999999999868928
3891639999999999737856
4084000000000000000000
3998000000000000000000
3875040000000000000000
3861600000000000000000
3870909999999999803392
3831100000000000131072
3842499999999999868928
3804569999999999934464
3806179999999999868928
3828019999999999868928
3882400000000000000000
3864640000000000000000
3878400000000000000000
3861280000000000000000
3858590000000000327680
3892699999999999606784
3950569999999999934464
3947969999999999672320
3890160000000000000000
3927600000000000000000
3936099999999999868928
3922019999999999868928
3929780000000000393216
3941250000000000196608
3934039999999999737856
3958080000000000000000
3954840000000000262144
3932540000000000131072
3952210000000000196608
4045859999999999868928
4075409999999999672320
4068590000000000327680
4159439999999999475712
4205529999999999934464
4202180000000000393216
4162649999999999410176
4173779999999999868928
4194899999999999868928
4120920000000000262144
4094409999999999934464
4117300000000000393216
4112680000000000262144
4097079999999999737856
4040579999999999868928
3980360000000000262144
3998729999999999934464
4025800000000000262144
4012300000000000131072
3952189999999999803392
3906499999999999868928
3904050000000000196608
3935590000000000065536
3940489999999999934464
3881379999999999868928
3774019999999999868928
3686179999999999868928
3804960000000000000000
3829270000000000065536
3831100000000000131072
3873400000000000262144
3860219999999999606784
3884889999999999934464
3847090000000000196608
3860280000000000262144
3859600000000000000000
3876349999999999803392
3893750000000000065536
3879179999999999606784
3872960000000000000000
3880189999999999803392
3906140000000000131072
3890499999999999868928
3853239999999999737856
3856099999999999868928
3906249999999999934464
3737040000000000000000
3714489999999999934464
3711680000000000000000
3589030000000000065536
3630969999999999934464
3603780000000000393216
3641969999999999672320
3493420000000000131072
3528599999999999737856
3506849999999999672320
3229350000000000065536
3286849999999999672320
3335270000000000065536
3331329999999999672320
3322670000000000327680
3398179999999999868928
3455059999999999868928
3425030000000000065536
3432950000000000065536
3380329999999999934464
3399219999999999868928
3299760000000000000000
3325250000000000196608
3313960000000000262144
3344140000000000131072
3357010000000000196608
3258780000000000131072
3295360000000000000000
3442360000000000262144
3434400000000000000000
3452610000000000196608
3446690000000000196608
3411989999999999541248
3376499999999999868928
3388809999999999934464
3401030000000000065536
3375239999999999737856
3422899999999999868928
3428400000000000000000
3515639999999999737856
3579859999999999868928
3583079999999999737856
3627489999999999672320
3609120000000000000000
3610089999999999934464
3519110000000000065536
3558280000000000262144
3567270000000000065536
3605650000000000196608
3544189999999999803392
3574390000000000065536
3481309999999999803392
3456659999999999868928
3416880000000000000000
3438310000000000065536
3428540000000000131072
3549780000000000393216
3427920000000000000000
3407900000000000131072
3414979999999999868928
3452800000000000000000
3538199999999999737856
3501159999999999737856
3387000000000000262144
3197059999999999868928
3230060000000000131072
3227329999999999672320
3214349999999999803392
3143409999999999672320
3195079999999999737856
3206400000000000000000
3110780000000000131072
3177539999999999868928
3174729999999999934464
3150480000000000000000
3184340000000000393216
3195989999999999541248
3166460000000000131072
3201110000000000065536
3217900000000000131072
3167480000000000262144
3103489999999999672320
3089360000000000000000
3093250000000000196608
3175070000000000327680
3196690000000000196608
3202060000000000131072
3118820000000000393216
2979409999999999672320
3028590000000000327680
3021789999999999803392
3021400000000000262144
3055229999999999803392
3105040000000000000000
3144809999999999934464
3122659999999999868928
3071820000000000131072
3084000000000000000000
3082230000000000065536
2971609999999999934464
2878960000000000000000
3023360000000000000000
3037219999999999868928
3037239999999999737856
3021360000000000000000
2953420000000000131072
2845100000000000131072
2831609999999999934464
2806400000000000000000
2716800000000000000000
2685889999999999672320
2702599999999999737856
2750720000000000000000
2764649999999999934464
2751360000000000000000
2755000000000000262144
2733789999999999803392
2738030000000000327680
2749650000000000196608
2769070000000000327680
2823500000000000131072
2792800000000000000000
2814699999999999606784
2835859999999999868928
2822189999999999803392
2801840000000000000000
2855869999999999803392
2829250000000000196608
2802400000000000000000
2845530000000000458752
2958800000000000000000
2953289999999999934464
2911709999999999803392
2902770000000000196608
2891079999999999737856
2894880000000000000000
2922310000000000065536
2959200000000000000000
2926560000000000000000
2944199999999999737856
2913789999999999803392
2927360000000000000000
3032790000000000065536
3026960000000000000000
3033650000000000196608
3033889999999999672320
3028550000000000065536
3011260000000000131072
3032099999999999868928
3015559999999999737856
3008670000000000327680
3002050000000000196608
3034360000000000262144
3074860000000000131072
3050829999999999803392
3032189999999999803392
3023559999999999737856
3005910000000000065536
3001110000000000065536
3008880000000000000000
2989609999999999934464
2990249999999999934464
3002809999999999934464
3006300000000000131072
3003949999999999803392
3029239999999999737856
3035260000000000131072
2992249999999999934464
2826449999999999672320
2840240000000000000000
2838219999999999606784
2745750000000000065536
2741110000000000065536
2799000000000000262144
2804960000000000000000
2806269999999999803392
2826360000000000262144
3007159999999999737856
3016749999999999803392
2997190000000000065536
3031559999999999737856
3058800000000000000000
3074099999999999868928
3087500000000000131072
3129600000000000000000
3189500000000000131072
3211190000000000065536
3191159999999999737856
3187500000000000131072
3209049999999999934464
3120599999999999737856
3134449999999999672320
3171980000000000131072
3175280000000000000000
3132579999999999868928
3107150000000000327680
3039300000000000393216
3022889999999999934464
3041400000000000262144
3027200000000000000000
3039810000000000196608
3042640000000000000000
3031680000000000000000
3039090000000000196608
3054899999999999868928
3038249999999999934464
3036440000000000262144
3027949999999999803392
3138550000000000065536
3060540000000000131072
3111559999999999737856
3134620000000000131072
3142889999999999934464
3102119999999999737856
3119389999999999803392
3125200000000000000000
3129989999999999541248
3123500000000000131072
3118870000000000065536
3246340000000000393216
3358599999999999737856
3318920000000000262144
3310550000000000065536
3327989999999999541248
3319090000000000196608
3328610000000000196608
3391000000000000262144
3325400000000000262144
3193030000000000065536
3202329999999999934464
3193769999999999934464
3180000000000000000000
3195270000000000065536
3238310000000000065536
3246840000000000262144
3247360000000000000000
3243580000000000131072
3071769999999999934464
3074400000000000000000
3085480000000000262144
3090710000000000065536
3095520000000000000000
3120249999999999934464
3110800000000000000000
3109609999999999934464
3115510000000000065536
3119489999999999672320
3116000000000000000000
3085600000000000000000
3085670000000000065536
3094699999999999606784
3064380000000000131072
3109340000000000131072
3129209999999999934464
3157360000000000000000
3011260000000000131072
2940449999999999672320
2964829999999999803392
2936849999999999672320
2924030000000000327680
2958010000000000458752
2963159999999999737856
2945440000000000000000
2962030000000000327680
2947600000000000000000
2947590000000000065536
2928260000000000393216
2904160000000000000000
2819900000000000131072
2833100000000000131072
2831289999999999934464
2835570000000000196608
2858140000000000131072
2964119999999999737856
2780979999999999868928
2827229999999999803392
2907600000000000000000
2950610000000000196608
2964099999999999868928
2963840000000000000000
2983949999999999803392
2978290000000000196608
2988300000000000131072
2980649999999999934464
2986199999999999737856
2976199999999999737856
2977260000000000131072
2977139999999999868928
2972169999999999934464
2980400000000000000000
2996240000000000000000
2974249999999999934464
2990849999999999672320
3001780000000000393216
3020999999999999737856
3029320000000000262144
3048649999999999934464
3051969999999999672320
2980089999999999934464
3008300000000000131072
2990599999999999737856
2963600000000000000000
2972599999999999737856
2927800000000000262144
2942860000000000131072
2963510000000000065536
2944800000000000000000
2930969999999999934464
2924039999999999737856
2924510000000000327680
2944550000000000065536
2945880000000000262144
2946030000000000327680
2940889999999999934464
2923849999999999934464
2959810000000000196608
2954899999999999868928
2902909999999999803392
2962899999999999868928
2955580000000000131072
2963590000000000065536
2921709999999999803392
2924089999999999934464
2926390000000000065536
2932099999999999868928
2931559999999999737856
2929730000000000196608
2925689999999999934464
2929289999999999934464
2947440000000000000000
2941900000000000131072
2937200000000000000000
2942499999999999868928
2948050000000000196608
2932000000000000000000
2949750000000000065536
3041309999999999803392
3017100000000000131072
2957159999999999737856
2933300000000000393216
2930000000000000000000
2935289999999999934464
2948929999999999672320
2947869999999999803392
2976150000000000065536
2986989999999999803392
2969859999999999868928
2971129999999999934464
2967949999999999803392
2974080000000000000000
2999070000000000327680
2982599999999999737856
2967459999999999868928
2968039999999999737856
2976189999999999803392
2974199999999999737856
2985609999999999934464
2986899999999999868928
2992089999999999934464
3001300000000000393216
3019630000000000327680
3015150000000000327680
3045229999999999803392
3084940000000000131072
3122749999999999803392
3124710000000000065536
3124720000000000000000
3089840000000000000000
3097550000000000327680
3100260000000000393216
3112140000000000131072
3126290000000000196608
3146640000000000000000
3140550000000000065536
3139000000000000262144
3134550000000000065536
3131810000000000196608
3143880000000000262144
3185040000000000000000
3156300000000000131072
3179500000000000131072
3195260000000000131072
3223250000000000196608
3225680000000000000000
3225689999999999934464
3218760000000000262144
3237539999999999868928
3271989999999999541248
3222340000000000393216
3296050000000000196608
3265350000000000065536
3253600000000000000000
3218499999999999868928
3162649999999999934464
3143000000000000262144
3166369999999999672320
3139889999999999672320
3124249999999999934464
3117590000000000065536
3101760000000000000000
3109139999999999868928
3104640000000000000000
3116979999999999868928
3108110000000000327680
3087550000000000327680
3109929999999999934464
3077739999999999606784
3084829999999999803392
3083159999999999737856
3089449999999999934464
3093810000000000196608
3092310000000000065536
3088849999999999672320
3083350000000000065536
3093760000000000000000
3091980000000000131072
3101869999999999803392
3114440000000000262144
3120929999999999672320
3119630000000000327680
3148749999999999803392
3132010000000000458752
3112260000000000393216
3127699999999999868928
3119600000000000000000
3092659999999999868928
3113200000000000000000
3119520000000000000000
3131400000000000262144
3183059999999999868928
3215520000000000000000
3324460000000000131072
3350849999999999672320
3335209999999999934464
3284969999999999934464
3345910000000000065536
3367830000000000065536
3355619999999999868928
3286699999999999606784
3330489999999999934464
3349699999999999868928
3330679999999999737856
3295300000000000393216
3318699999999999606784
3295190000000000065536
3309239999999999737856
3301469999999999803392
3263489999999999672320
3275989999999999541248
3295440000000000000000
3288590000000000327680
3290979999999999868928
3302499999999999868928
3329379999999999868928
3315949999999999803392
3309960000000000262144
3315539999999999868928
3306940000000000131072
3321480000000000262144
3333300000000000393216
3346290000000000196608
3283350000000000065536
3211200000000000000000
3206400000000000000000
3223000000000000262144
3214989999999999803392
3218790000000000065536
3188110000000000327680
3186989999999999803392
3120599999999999737856
3107030000000000065536
3030519999999999737856
2993459999999999868928
2937100000000000131072
2978829999999999803392
2967910000000000065536
2940940000000000131072
3000820000000000393216
3053760000000000000000
2980360000000000262144
3011520000000000000000
2998909999999999803392
2984499999999999868928
2940320000000000000000
2951989999999999541248
2950349999999999803392
2961900000000000131072
2945340000000000131072
2937810000000000196608
2950030000000000327680
2957150000000000327680
2953709999999999803392
2959139999999999868928
2953489999999999672320
2957650000000000196608
2953430000000000065536
2950360000000000262144
2949559999999999737856
2939020000000000131072
2936169999999999934464
2933800000000000262144
2923659999999999606784
2811030000000000065536
2814690000000000196608
2847859999999999868928
2901680000000000000000
2890310000000000065536
2897369999999999934464
2921260000000000131072
2927769999999999934464
2938550000000000065536
2926210000000000196608
2914050000000000196608
2934780000000000131072
2977369999999999934464
3023010000000000196608
3001800000000000262144
3001600000000000000000
3036800000000000000000
3004590000000000327680
3013170000000000196608
3007300000000000393216
2949059999999999868928
2958150000000000065536
2925650000000000196608
2820710000000000065536
2793409999999999672320
2818579999999999868928
2737570000000000196608
2736199999999999737856
2756140000000000131072
2725920000000000000000
2739329999999999672320
2703980000000000131072
2692540000000000131072
2676659999999999868928
2637150000000000327680
2531250000000000196608
2380300000000000131072
2450030000000000327680
2443780000000000393216
2409379999999999868928
2410770000000000196608
2314449999999999934464
2318909999999999803392
2268889999999999934464
2237440000000000000000
2226760000000000262144
2280800000000000262144
2371859999999999868928
2330000000000000000000
2345460000000000131072
2342550000000000065536
2321640000000000000000
2274840000000000262144
2302000000000000000000
2203530000000000196608
2231190000000000065536
2281199999999999737856
2281739999999999868928
2252380000000000131072
2149139999999999868928
2184440000000000000000
2144050000000000196608
2106800000000000262144
2087500000000000131072
2076619999999999868928
1957990000000000065536
1925140000000000131072
1823869999999999803392
1889869999999999803392
1897420000000000131072
1930910000000000065536
1979880000000000000000
2064469999999999803392
2062400000000000000000
2079900000000000131072
2026259999999999868928
2017500000000000131072
2051139999999999868928
2090310000000000065536
2086420000000000131072
2077659999999999868928
2083340000000000131072
2131249999999999934464
2107539999999999868928
2125969999999999672320
2088949999999999803392
2099019999999999868928
2064539999999999868928
2026950000000000065536
2060739999999999868928
2130449999999999934464
2104080000000000000000
2063809999999999934464
2005720000000000000000
2001660000000000131072
2021779999999999868928
2017040000000000000000
2021790000000000065536
2008320000000000000000
1949790000000000065536
1952689999999999934464
1928779999999999868928
1951400000000000000000
1939900000000000131072
1967560000000000000000
1967080000000000000000
1988209999999999934464
1947980000000000131072
1924369999999999934464
1946209999999999934464
1952019999999999868928
1934430000000000065536
1958790000000000065536
2033859999999999868928
2057110000000000065536
2047869999999999803392
2053380000000000131072
2056190000000000065536
2098670000000000065536
2086989999999999803392
2087739999999999868928
2086090000000000196608
2058480000000000000000
2090449999999999934464
2060949999999999803392
2010640000000000000000
1941310000000000065536
1965600000000000000000
1957809999999999934464
1970270000000000065536
1975320000000000000000
1955890000000000196608
1973440000000000000000
1997520000000000000000
1985059999999999868928
1985310000000000065536
1967769999999999934464
1968040000000000000000
1997449999999999934464
1991009999999999934464
1996270000000000065536
2017480000000000000000
1980729999999999934464
1984729999999999934464
1940460000000000131072
1955369999999999934464
1971769999999999934464
1981089999999999934464
1948849999999999934464
1925929999999999934464
1940869999999999803392
1948320000000000000000
1954160000000000000000
1960480000000000000000
1943539999999999868928
1963689999999999934464
1963280000000000000000
1968120000000000000000
1958600000000000000000
1962440000000000000000
1976640000000000000000
1987430000000000065536
1987800000000000000000
1972990000000000065536
1974130000000000196608
1975609999999999934464
1980400000000000000000
1953550000000000065536
1943180000000000131072
1957329999999999934464
1862600000000000000000
1885099999999999868928
1915209999999999934464
1895369999999999934464
1856960000000000000000
1855840000000000000000
1831240000000000000000
1825209999999999934464
1826670000000000065536
1847609999999999934464
1852650000000000196608
1851950000000000065536
1906130000000000196608
1893349999999999803392
1926360000000000000000
2013779999999999868928
2071239999999999737856
2057880000000000000000
2054650000000000196608
2053489999999999672320
2057710000000000065536
2033460000000000131072
2030249999999999934464
2027760000000000000000
2045430000000000065536
2032720000000000000000
1962249999999999934464
1948710000000000065536
1921000000000000000000
1929710000000000065536
1924440000000000000000
1866560000000000000000
1863440000000000000000
1899000000000000000000
1947200000000000000000
1964710000000000065536
2023089999999999934464
2007209999999999934464
1983369999999999934464
1993440000000000000000
1954000000000000000000
1939790000000000065536
1972220000000000131072
1941430000000000065536
1947800000000000000000
2047430000000000065536
2043980000000000131072
2027440000000000000000
2008710000000000065536
1996190000000000065536
1961120000000000000000
1969059999999999868928
1986240000000000000000
1983059999999999868928
1961220000000000131072
2006660000000000131072
2055010000000000196608
2150809999999999934464
2178929999999999934464
2127530000000000196608
2120480000000000000000
2105719999999999737856
2138179999999999868928
2087340000000000131072
2074600000000000000000
2073300000000000131072
2084070000000000065536
2082929999999999934464
2051389999999999803392
1978140000000000131072
1983640000000000000000
1978680000000000000000
1980000000000000000000
1982910000000000065536
1988869999999999803392
1981150000000000065536
1955230000000000065536
1969589999999999803392
1947630000000000065536
1955310000000000065536
1951380000000000131072
1943180000000000131072
1964900000000000131072
1936829999999999803392
1977449999999999934464
1983489999999999934464
1991990000000000065536
2022929999999999934464
2034539999999999868928
1993270000000000065536
2026900000000000131072
2051120000000000000000
2062150000000000065536
2079840000000000262144
2037070000000000065536
2036869999999999803392
2021220000000000131072
2012560000000000000000
2018070000000000065536
2050199999999999737856
2076530000000000196608
2052320000000000262144
2023589999999999803392
2040990000000000065536
2063219999999999868928
2072650000000000196608
2069860000000000131072
2073630000000000065536
2118769999999999934464
2099719999999999737856
2121310000000000065536
2128249999999999934464
2102640000000000000000
2092719999999999737856
2101489999999999672320
2077659999999999868928
2074219999999999868928
2075110000000000065536
2077949999999999803392
2096590000000000065536
2096579999999999868928
2106270000000000065536
2120080000000000000000
2094239999999999737856
2113790000000000065536
2178550000000000065536
2236040000000000000000
2249360000000000000000
2270300000000000131072
2274099999999999868928
2331010000000000196608
2352949999999999803392
2320429999999999803392
2328139999999999868928
2327260000000000131072
2316600000000000000000
2320940000000000131072
2318010000000000196608
2341610000000000196608
2318150000000000065536
2269800000000000262144
2188000000000000000000
2186199999999999737856
2203600000000000000000
2212510000000000327680
2166800000000000262144
2166889999999999934464
2118769999999999934464
2141289999999999934464
2138159999999999737856
2151320000000000262144
2150610000000000196608
2141590000000000065536
2133560000000000000000
2132679999999999737856
2146059999999999868928
2153110000000000065536
2155150000000000065536
2156949999999999803392
2154940000000000131072
2152019999999999868928
2084739999999999868928
2113570000000000196608
2093400000000000000000
2069790000000000065536
2083019999999999868928
2063040000000000000000
2053610000000000196608
2051949999999999803392
2044120000000000000000
2134300000000000131072
2128050000000000196608
2154040000000000000000
2151619999999999868928
2141120000000000000000
2165270000000000065536
2165550000000000065536
2134659999999999868928
2115989999999999803392
2155689999999999934464
2157860000000000131072
2164400000000000000000
2186270000000000065536
2162300000000000131072
2172420000000000131072
2168679999999999737856
2152449999999999934464
2122920000000000000000
2067889999999999934464
2069590000000000065536
2048349999999999803392
2059289999999999934464
2060510000000000327680
2065190000000000065536
1991200000000000000000
1990380000000000131072
1990400000000000000000
1991950000000000065536
1988170000000000196608
2006099999999999868928
1996640000000000000000
2025750000000000065536
2019560000000000000000
1993740000000000131072
2010180000000000131072
2004960000000000000000
2002880000000000000000
1991849999999999934464
1994790000000000065536
1983520000000000000000
2034700000000000131072
2058400000000000000000
2070150000000000065536
2073829999999999803392
2022670000000000065536
2025569999999999934464
2065679999999999737856
2054689999999999934464
2040000000000000000000
2053739999999999868928
2095349999999999803392
2104360000000000000000
2101840000000000262144
2130099999999999868928
2134929999999999934464
2134800000000000262144
2141070000000000065536
2140219999999999868928
2055909999999999803392
2055729999999999934464
2032800000000000000000
2059480000000000000000
2065320000000000262144
2057209999999999934464
2054199999999999737856
2065940000000000131072
2062940000000000131072
2051170000000000196608
2052420000000000131072
2053600000000000000000
2049820000000000131072
2053650000000000196608
2051769999999999934464
2056070000000000065536
2064469999999999803392
2065219999999999868928
2056409999999999934464
2036950000000000065536
2041849999999999934464
2053699999999999868928
2061710000000000065536
2109659999999999868928
2128689999999999934464
2134510000000000327680
2151699999999999868928
2164940000000000131072
2144460000000000131072
2107289999999999934464
2108460000000000131072
2103960000000000000000
2089610000000000196608
2080199999999999737856
2113300000000000131072
2240010000000000196608
2234689999999999934464
2253800000000000262144
2247449999999999934464
2215520000000000000000
2211469999999999803392
2190310000000000065536
2182960000000000000000
2181679999999999737856
2180300000000000131072
2218349999999999803392
2216900000000000131072
2190469999999999803392
2186750000000000065536
2180059999999999868928
2216480000000000000000
2225280000000000262144
2254170000000000196608
2246230000000000065536
2238389999999999803392
2234000000000000000000
2247389999999999803392
2250630000000000065536
2316960000000000000000
2286000000000000000000
2215019999999999868928
2219010000000000196608
2205570000000000196608
2187420000000000131072
2199249999999999934464
2191900000000000131072
2194600000000000000000
2187179999999999868928
2187960000000000000000
2210289999999999934464
2263849999999999934464
2370599999999999737856
2366960000000000000000
2379170000000000196608
2375440000000000000000
2365859999999999868928
2315000000000000000000
2323630000000000065536
2330040000000000000000
2317500000000000131072
2338329999999999934464
2332689999999999934464
2376070000000000065536
2360790000000000065536
2358409999999999934464
2342409999999999934464
2336610000000000196608
2339920000000000000000
2360550000000000065536
2349120000000000000000
2326310000000000065536
2335199999999999737856
2355739999999999868928
2443600000000000000000
2429229999999999803392
2420099999999999868928
2406280000000000262144
2404780000000000131072
2354090000000000196608
2364659999999999868928
2349590000000000065536
2351500000000000131072
2341000000000000000000
2317040000000000000000
2330429999999999803392
2331849999999999934464
2300619999999999868928
2264429999999999803392
2287710000000000065536
2299790000000000065536
2309600000000000000000
2315230000000000065536
2333040000000000000000
2315280000000000262144
2312840000000000262144
2319679999999999737856
2321199999999999737856
2311289999999999934464
2299340000000000131072
2328159999999999737856
2364620000000000131072
2390400000000000000000
2399500000000000131072
2404800000000000000000
2398699999999999606784
2375409999999999672320
2342000000000000000000
2345389999999999803392
2330080000000000000000
2334300000000000131072
2314130000000000196608
2331270000000000065536
2309570000000000196608
2312900000000000131072
2329059999999999868928
2324980000000000131072
2322349999999999803392
2316190000000000065536
2319489999999999672320
2317400000000000000000
2314699999999999868928
2309120000000000000000
2310809999999999934464
2320280000000000262144
2311000000000000000000
2332130000000000196608
2336760000000000262144
2348900000000000131072
2368550000000000065536
2370340000000000393216
2395530000000000458752
2316800000000000262144
2320659999999999868928
2275199999999999737856
2289349999999999803392
2303989999999999803392
2291019999999999868928
2288099999999999868928
2275300000000000131072
2279790000000000065536
2302000000000000000000
2289570000000000196608
2311630000000000065536
2323909999999999803392
2331869999999999803392
2272369999999999934464
2233360000000000000000
2252329999999999934464
2252739999999999868928
2259940000000000131072
2257760000000000262144
2265530000000000196608
2261650000000000196608
2257420000000000131072
2282689999999999934464
2279849999999999934464
2286460000000000131072
2307829999999999803392
2304900000000000131072
2295640000000000000000
2304150000000000065536
2300960000000000000000
2302329999999999934464
2309130000000000196608
2311270000000000065536
2317080000000000000000
2302040000000000000000
2309500000000000131072
2319800000000000262144
2328420000000000131072
2335500000000000131072
2322880000000000000000
2385090000000000196608
2362849999999999672320
2337360000000000000000
2350199999999999737856
2356219999999999868928
2347320000000000262144
2382380000000000131072
2380809999999999934464
2379849999999999934464
2381619999999999868928
2372019999999999868928
2360769999999999934464
2376829999999999803392
2371769999999999934464
2410720000000000000000
2359059999999999868928
2348610000000000196608
2351030000000000327680
2322420000000000131072
2344590000000000065536
2330059999999999868928
2294820000000000131072
2296150000000000065536
2291209999999999934464
2278929999999999934464
2281159999999999737856
2295440000000000000000
2293170000000000196608
2316170000000000196608
2307389999999999803392
2315530000000000196608
2314790000000000065536
2314790000000000065536
2317640000000000000000
2332320000000000262144
2326610000000000196608
2327689999999999934464
2327489999999999672320
2322739999999999868928
2347659999999999868928
2365469999999999803392
2371350000000000065536
2330420000000000131072
2330570000000000196608
2335929999999999934464
2333199999999999737856
2340349999999999803392
2339769999999999934464
2309219999999999868928
2294769999999999934464
2286780000000000131072
2261600000000000000000
2285139999999999868928
2275139999999999868928
2301600000000000000000
2300869999999999803392
2301640000000000000000
2236139999999999868928
2256110000000000065536
2258310000000000065536
2241710000000000065536
2264860000000000131072
2253289999999999934464
2298499999999999868928
2298689999999999934464
2283460000000000131072
2273230000000000065536
2265209999999999934464
2257610000000000196608
2222329999999999934464
2222610000000000196608
2223769999999999934464
2227159999999999737856
2194150000000000065536
2175790000000000065536
2179349999999999803392
2179170000000000196608
2180159999999999737856
2181110000000000065536
2185849999999999934464
2191560000000000000000
2185860000000000131072
2191869999999999803392
2130249999999999934464
2117829999999999803392
2120000000000000000000
2133270000000000065536
2106659999999999868928
2124000000000000000000
2129120000000000000000
2130139999999999868928
2139900000000000131072
2109520000000000000000
2108929999999999934464
2111809999999999934464
2110630000000000065536
2109989999999999803392
2128219999999999868928
2126849999999999934464
2135460000000000131072
2137829999999999803392
2128239999999999737856
2144400000000000000000
2133590000000000065536
2113489999999999672320
2130860000000000131072
2141239999999999737856
2132249999999999934464
2136550000000000065536
2126780000000000131072
2129110000000000065536
2117739999999999868928
2063800000000000262144
2064310000000000065536
2068869999999999803392
2026800000000000000000
2029809999999999934464
2058679999999999737856
2075689999999999934464
2115699999999999868928
2117110000000000065536
2119070000000000065536
2124329999999999934464
2094030000000000327680
2098699999999999868928
2097849999999999934464
2093689999999999934464
2114360000000000000000
2113560000000000000000
2125560000000000000000
2120080000000000000000
2111489999999999672320
2091719999999999737856
2093679999999999737856
2119150000000000065536
2085329999999999934464
2071929999999999934464
2071539999999999868928
2067469999999999803392
2081289999999999934464
2078190000000000065536
2068769999999999934464
2054630000000000065536
2022499999999999868928
1979209999999999934464
1992890000000000196608
1987449999999999934464
1987980000000000131072
2012449999999999934464
2007980000000000131072
2000829999999999803392
2005689999999999934464
2005630000000000065536
2029329999999999934464
2015280000000000000000
2012560000000000000000
2014950000000000065536
2014440000000000000000
2015520000000000000000
2024470000000000065536
2026560000000000000000
2020400000000000000000
2031369999999999934464
2022059999999999868928
2021180000000000131072
2008550000000000065536
1997609999999999934464
2005040000000000000000
2007289999999999934464
1974569999999999934464
1979960000000000000000
1966019999999999868928
2003009999999999934464
2004800000000000000000
2001720000000000000000
1979880000000000000000
1976600000000000000000
1912630000000000065536
1910040000000000000000
1858140000000000131072
1826220000000000131072
1876299999999999868928
1876449999999999934464
1835040000000000000000
1801689999999999934464
1811369999999999934464
1807819999999999868928
1776310000000000065536
1750099999999999868928
1775529999999999934464
1775220000000000131072
1769410000000000196608
1728499999999999868928
1678400000000000000000
1662539999999999868928
1582680000000000000000
1573600000000000000000
1583470000000000065536
1563099999999999868928
1574880000000000000000
1558630000000000065536
1560310000000000065536
1554289999999999934464
1569349999999999803392
1594800000000000000000
1615109999999999803392
1630000000000000000000
1630000000000000000000
1613120000000000000000
1690400000000000000000
1679480000000000000000
1672910000000000065536
1682950000000000065536
1691299999999999868928
1684809999999999934464
1690320000000000000000
1669220000000000131072
1679529999999999934464
1671410000000000196608
1635700000000000131072
1656489999999999934464
1638920000000000000000
1630109999999999803392
1639369999999999934464
1619249999999999934464
1657019999999999868928
1628809999999999934464
1620589999999999803392
1652190000000000065536
1653000000000000000000
1665520000000000000000
1644070000000000065536
1679980000000000131072
1672299999999999868928
1671320000000000000000
1660310000000000065536
1672339999999999868928
1659640000000000000000
1665440000000000000000
1665990000000000065536
1664720000000000000000
1675760000000000000000
1677760000000000000000
1681600000000000000000
1677969999999999934464
1680880000000000000000
1681460000000000131072
1675369999999999934464
1673190000000000065536
1662499999999999868928
1664790000000000065536
1725240000000000000000
1720499999999999868928
1715890000000000196608
1764000000000000000000
1844869999999999803392
1821579999999999868928
1795480000000000000000
1778589999999999803392
1773600000000000000000
1798560000000000000000
1781600000000000000000
1794280000000000000000
1791890000000000196608
1792320000000000000000
1783790000000000065536
1762920000000000000000
1772499999999999868928
1733829999999999803392
1749440000000000000000
1742680000000000000000
1748390000000000065536
1742009999999999934464
1680660000000000131072
1704089999999999934464
1709539999999999868928
1696299999999999868928
1694510000000000065536
1690710000000000065536
1706660000000000131072
1700120000000000000000
1710000000000000000000
1706940000000000131072
1724630000000000065536
1725890000000000196608
1739160000000000000000
1727760000000000000000
1739200000000000000000
1736299999999999868928
1730660000000000131072
1723740000000000131072
1729080000000000000000
1732539999999999868928
1705289999999999934464
1728630000000000065536
1744840000000000000000
1766339999999999868928
1743289999999999934464
1733059999999999868928
1726819999999999868928
1728339999999999868928
1681500000000000131072
1659380000000000131072
1658160000000000000000
1660800000000000000000
1665520000000000000000
1665059999999999868928
1671299999999999868928
1677510000000000065536
1616619999999999868928
1582700000000000131072
1620089999999999934464
1617430000000000065536
1655360000000000000000
1631420000000000131072
1568369999999999934464
1557589999999999803392
1566059999999999868928
1556310000000000065536
1579320000000000000000
1543569999999999934464
1578400000000000000000
1572670000000000065536
1576849999999999934464
1578760000000000000000
1584099999999999868928
1582000000000000000000
1603500000000000131072
1576499999999999868928
1572099999999999868928
1573489999999999934464
1574280000000000000000
1581089999999999934464
1579059999999999868928
1562969999999999934464
1570190000000000065536
1582750000000000065536
1578380000000000131072
1573150000000000065536
1578080000000000000000
1623769999999999934464
1611480000000000000000
1585349999999999803392
1590480000000000000000
1576790000000000065536
1563049999999999934464
1578779999999999868928
1570190000000000065536
1592900000000000131072
1576809999999999934464
1568470000000000065536
1619230000000000065536
1617109999999999803392
1608380000000000131072
1638170000000000196608
1614510000000000065536
1648740000000000131072
1695600000000000000000
1698819999999999868928
1699040000000000000000
1704880000000000000000
1716280000000000000000
1740910000000000065536
1729920000000000000000
1744180000000000131072
1756809999999999934464
1752619999999999868928
1757180000000000131072
1756859999999999868928
1789969999999999934464
1791560000000000000000
1779470000000000065536
1760390000000000065536
1768900000000000131072
1758900000000000131072
1773539999999999868928
1780209999999999934464
1784700000000000131072
1778349999999999803392
1770929999999999934464
1758259999999999868928
1787740000000000131072
1791929999999999934464
1798710000000000065536
1770480000000000000000
1770230000000000065536
1779500000000000131072
1796390000000000065536
1789670000000000065536
1770569999999999934464
1750470000000000065536
1755600000000000000000
1746800000000000000000
1721779999999999868928
1740030000000000065536
1742430000000000065536
1729529999999999934464
1752190000000000065536
1742710000000000065536
1738259999999999868928
1747520000000000000000
1744259999999999868928
1775160000000000000000
1772569999999999934464
1800320000000000000000
1790390000000000065536
1791880000000000000000
1796099999999999868928
1795689999999999934464
1798840000000000000000
1799109999999999803392
1813790000000000065536
1823539999999999868928
1786990000000000065536
1810650000000000196608
1797890000000000196608
1802900000000000131072
1820160000000000000000
1820529999999999934464
1806000000000000000000
1779840000000000000000
1786550000000000065536
1779529999999999934464
1775840000000000000000
1773390000000000065536
1774880000000000000000
1781929999999999934464
1779009999999999934464
1796349999999999803392
1874299999999999868928
1875849999999999934464
1890800000000000000000
1875080000000000000000
1869030000000000065536
1883249999999999934464
1930470000000000065536
1923040000000000000000
1917170000000000196608
1917529999999999934464
1909390000000000065536
1883950000000000065536
1880729999999999934464
1874369999999999934464
1863489999999999934464
1851249999999999934464
1826849999999999934464
1837700000000000131072
1829609999999999934464
1842809999999999934464
1840920000000000000000
1844829999999999803392
1843240000000000000000
1844360000000000000000
1842869999999999803392
1857539999999999868928
1861680000000000000000
1866230000000000065536
1869299999999999868928
1870310000000000065536
1869920000000000000000
1861320000000000000000
1871230000000000065536
1878640000000000000000
1862619999999999868928
1891560000000000000000
1901049999999999934464
1897529999999999934464
1904049999999999934464
1925640000000000000000
1932819999999999868928
1934670000000000065536
1930840000000000000000
1922499999999999868928
1929059999999999868928
1927489999999999934464
1913220000000000131072
1926109999999999803392
1942130000000000196608
1924220000000000131072
1933270000000000065536
1919640000000000000000
1914600000000000000000
1925180000000000131072
1894059999999999868928
1874240000000000000000
1877280000000000000000
1879329999999999934464
1894790000000000065536
1882680000000000000000
1860460000000000131072
1862249999999999934464
1860000000000000000000
1857180000000000131072
1854400000000000000000
1856220000000000131072
1866170000000000196608
1873150000000000065536
1873299999999999868928
1880650000000000196608
1880030000000000065536
1884349999999999803392
1913140000000000131072
1912600000000000000000
1953099999999999868928
1948180000000000131072
1962969999999999934464
1958190000000000065536
1925750000000000065536
1946779999999999868928
1890779999999999868928
1879560000000000000000
1882009999999999934464
1875049999999999934464
1918380000000000131072
1920390000000000065536
1920009999999999934464
1890480000000000000000
1922640000000000000000
1913420000000000131072
1890070000000000065536
1886869999999999803392
1908790000000000065536
1908120000000000000000
1901270000000000065536
1921109999999999803392
1917280000000000000000
1922329999999999934464
1917220000000000131072
1907619999999999868928
1888619999999999868928
1882910000000000065536
1861019999999999868928
1866779999999999868928
1860990000000000065536
1868360000000000000000
1868160000000000000000
1865500000000000131072
1868829999999999803392
1836109999999999803392
1843670000000000065536
1876140000000000131072
1874600000000000000000
1851160000000000000000
1857329999999999934464
1880660000000000131072
1883689999999999934464
1855140000000000131072
1842130000000000196608
1837800000000000000000
1861740000000000131072
1868589999999999803392
1859130000000000196608
1863000000000000000000
1862349999999999803392
1871259999999999868928
1871710000000000065536
1874190000000000065536
1868670000000000065536
1866729999999999934464
1871170000000000196608
1867529999999999934464
1872510000000000065536
1915539999999999868928
1907209999999999934464
1897259999999999868928
1907470000000000065536
1905990000000000065536
1909280000000000000000
1908400000000000000000
1902680000000000000000
1895980000000000131072
1900980000000000131072
1914920000000000000000
1916680000000000000000
1917910000000000065536
1913019999999999868928
1917049999999999934464
1914230000000000065536
1919769999999999934464
1921430000000000065536
1919070000000000065536
1915000000000000000000
1912650000000000196608
1917720000000000000000
1917880000000000000000
1925209999999999934464
1920779999999999868928
1909420000000000131072
1916190000000000065536
1924049999999999934464
1919150000000000065536
1875500000000000131072
1876880000000000000000
1871750000000000065536
1879329999999999934464
1876180000000000131072
1891560000000000000000
1861689999999999934464
1880329999999999934464
1881200000000000000000
1885170000000000196608
1890190000000000065536
1914200000000000000000
1891059999999999868928
1877650000000000196608
1878089999999999934464
1885740000000000131072
1893969999999999934464
1878790000000000065536
1878390000000000065536
1885760000000000000000
1884750000000000065536
1881480000000000000000
1871600000000000000000
1876360000000000000000
1879619999999999868928
1879109999999999803392
1880550000000000065536
1881140000000000131072
1878660000000000131072
1877720000000000000000
1883220000000000131072
1882720000000000000000
1881000000000000000000
1881349999999999803392
1879720000000000000000
1879089999999999934464
1882259999999999868928
1884170000000000196608
1874400000000000000000
1899390000000000065536
1899230000000000065536
1902940000000000131072
1911569999999999934464
1905929999999999934464
1912059999999999868928
1893240000000000000000
1897040000000000000000
1901520000000000000000
1916470000000000065536
1912289999999999934464
1916809999999999934464
1910809999999999934464
1914609999999999934464
1921700000000000131072
2084710000000000065536
2101429999999999803392
2251719999999999737856
2249480000000000000000
2250380000000000131072
2294679999999999737856
2324960000000000000000
2323190000000000065536
2326349999999999803392
2339949999999999803392
2370710000000000065536
2370050000000000196608
2392530000000000196608
2412809999999999934464
2515760000000000000000
2514579999999999868928
2432909999999999803392
2423630000000000327680
2410640000000000000000
2439049999999999934464
2422210000000000196608
2413849999999999934464
2388510000000000327680
2433320000000000262144
2438230000000000065536
2444699999999999606784
2463159999999999737856
2430649999999999934464
2454720000000000000000
2493980000000000131072
2487440000000000000000
2471100000000000131072
2482080000000000000000
2498729999999999934464
2478050000000000196608
2477789999999999803392
2482840000000000262144
2463400000000000262144
2442340000000000393216
2465100000000000131072
2461329999999999672320
2462530000000000196608
2449820000000000131072
2470620000000000131072
2506670000000000327680
2492499999999999868928
2496770000000000196608
2501600000000000000000
2521960000000000262144
2498320000000000000000
2511289999999999934464
2490649999999999934464
2496640000000000000000
2505229999999999803392
2472160000000000000000
2435520000000000000000
2442889999999999934464
2435329999999999672320
2436429999999999803392
2436060000000000131072
2444649999999999934464
2453590000000000065536
2457800000000000262144
2457280000000000000000
2455309999999999803392
2460300000000000131072
2481040000000000000000
2503750000000000065536
2416449999999999672320
2420630000000000065536
2440199999999999737856
2445440000000000000000
2467100000000000131072
2481559999999999737856
2466940000000000131072
2471570000000000196608
2472280000000000262144
2458599999999999737856
2448210000000000196608
2418460000000000131072
2417480000000000262144
2413580000000000131072
2416960000000000000000
2380860000000000131072
2389900000000000131072
2392409999999999934464
2391309999999999803392
2402540000000000131072
2397510000000000065536
2406409999999999934464
2517010000000000196608
2518670000000000327680
2507840000000000000000
2505120000000000000000
2504530000000000196608
2523200000000000000000
2452320000000000000000
2456369999999999672320
2456690000000000196608
2453329999999999672320
2458039999999999737856
2454119999999999737856
2460489999999999934464
2478019999999999868928
2480720000000000000000
2509989999999999541248
2497270000000000065536
2502110000000000327680
2479810000000000196608
2490599999999999737856
2514590000000000327680
2497329999999999672320
2489340000000000131072
2489219999999999868928
2470080000000000000000
2495780000000000393216
2489920000000000000000
2485619999999999868928
2479239999999999737856
2474089999999999934464
2498530000000000196608
2482269999999999803392
2485070000000000327680
2488909999999999803392
2510480000000000000000
2500380000000000131072
2489780000000000393216
2465229999999999803392
2467800000000000262144
2474640000000000000000
2472349999999999803392
2461570000000000196608
2440999999999999737856
2461910000000000065536
2437719999999999737856
2446599999999999737856
2466989999999999803392
2457500000000000131072
2558979999999999868928
2539260000000000131072
2516440000000000262144
2513260000000000131072
2523910000000000065536
2536199999999999737856
2534720000000000000000
2519289999999999934464
2522760000000000262144
